0.06074856717415377 0.1123839338630391 0.06193560274450676 0.1151895112146934 0.007938892668418077 0.05308830080412968 0.0617441513676686 0.1485286104412097 0.07639814564497666 0.006824656013466775 0.1269155000504909 0.06149285330802644
0.06074772151607958 0.1123656987067067 0.06193467124132906 0.1151688911907299 0.007938892636126234 0.05308786958381485 0.06174323416173729 0.1484555203139924 0.07639814564497645 0.006824656013467128 0.1269155000504908 0.06149195460173524
0.06074772151607929 0.1123656987067065 0.06193467124132894 0.1151688911907298 0.007938892636126143 0.0530878695838148 0.06174323416173732 0.148455520313992 0.07639814564497655 0.006824656013467118 0.1269155000504909 0.06149195460173525
0.06074856717415462 0.1123839338630398 0.06193560274450694 0.1151895112146943 0.007938892668417021 0.05308830080413036 0.0617441513676691 0.1485286104412104 0.07639814564497661 0.006824656013466763 0.1269155000504905 0.06149285330802698
0.05152922272852913 0.05298825146190698 0.0002512826333827349 0.0605985207419266 0.06964650978839841 0.007938559074527517 0.0002512826439604878 0.114156546856593 0.05152922272852929 0.06964650978839851 0.1462955641893505 0.006824656013466861
0.05152922272852822 0.05298825146190822 0.000251282633382767 0.06059852074192657 0.06964650978839865 0.007938559074527387 0.0002512826439606933 0.1141565468565938 0.05152922272852913 0.06964650978839897 0.1462955641893504 0.006824656013467233
0.05152922272852803 0.05298825146190828 0.0002512826333830072 0.06059852074192733 0.06964650978839837 0.00793855907452704 0.0002512826439606891 0.1141565468565945 0.05152922272852923 0.06964650978839888 0.1462955641893514 0.00682465601346742
0.05152922272852963 0.0529882514619059 0.0002512826333828066 0.06059852074192498 0.06964650978839845 0.007938559074528508 0.0002512826439601734 0.1141565468565912 0.05152922272852755 0.06964650978839756 0.146295564189349 0.006824656013466635
0.1114252253893709 0.05928142183572815 0.06168430449264269 0.0544248743332422 0.06177656317636578 0.06102755511546578 0.06133720906496115 0.03329542016636412 0.1269155000504912 0.07639814564497667 0.2781200091973308 0.05455838594575434
0.1114252253893716 0.05928067341402502 0.06168339171978705 0.05442438606207519 0.06177656317636601 0.06102668987468603 0.0613372090649613 0.03329537828775482 0.1269155000504908 0.07639814564497642 0.2765188530468621 0.05455838594575454
0.1114252253893718 0.05928067341402506 0.06168339171978696 0.05442438606207546 0.06177656317636621 0.0610266898746859 0.06133720906496134 0.03329537828775499 0.1269155000504907 0.07639814564497638 0.276518853046862 0.05455838594575456
0.1114252253893721 0.05928142183572974 0.06168430449264255 0.05442487433324381 0.06177656317636596 0.06102755511546639 0.0613372090649616 0.03329542016636616 0.1269155000504906 0.07639814564497635 0.2781200091973297 0.05455838594575452
